0
632
0
1656
0
2047
-1
1656
-1
632
-1
-633
-1
-1657
-1
-2048
0
-1657
0
-633
0
632
0
1656
0
2047
-1
1656
-1
632
-1
-633
-1
-1657
-1
-2048
0
-1657
0
-633
0
632
0
1656
0
2047
0
1656
-1
632
0
-633
-1
-1657
-1
-2048
0
-1657
0
-633
0
632
0
1656
0
2047
0
1656
-1
632
-1
-633
-1
-1657
-1
-2048
0
-1657
0
-633
0
632
0
1656
0
2047
-1
1656
-1
632
-1
-633
0
-1657
0
-2048
0
-1657
-1
-633
-1
632
0
1656
-1
2047
-1
1656
-1
632
-1
-633
-1
-1657
-1
-2048
-1
-1657
-1
-633
0
632
-1
1656
0
2047
0
1656
0
632
-1
-633
0
-1657
0
-2048
0
-1657
-1
-633
0
632
0
1656
0
2047
-1
1656
-1
632
0
-633
-1
-1657
-1
-2048
-1
-1657
0
-633
0
632
-1
1656
0
2047
0
1656
0
632
-1
-633
-1
-1657
0
-2048
0
-1657
0
-633
0
632
0
1656
-1
2047
-1
1656
0
632
0
-633
-1
-1657
0
-2048
-1
-1657
0
-633
-1
