                  ┌─┬─┬─┬─┬─┬─┬─┬─┬─┬─┬─┬─┬─┬─┬─┐                    
 0 0 : : : : : : :│:│:│:│:│:│2│2│2│2│2│2│2│2│2│2│2 2 2 2 2 2 2 2 2 2 
                  │ │ │ │ │ │ │ │ │ │ │ │ │ │ │ │                    
 0 0 9 9 9 9 9 9 9│9│9│9│9│9│3│3│3│3│3│3│3│3│3│3│3 3 3 3 3 3 3 3 0 1 
                  └─┤ │ │ │ │ │ │ │ │ │ │ │ ├─┴─┘                    
 0 0 0 8 8 8 8 8 8 8│8│8│8│8│4│4│4│4│4│4│4│4│4 4 4 4 4 4 4 4 0 1 0 0 
                    └─┼─┼─┼─┼─┼─┼─┼─┼─┼─┼─┼─┤                        
 0 0 0 0 0 7 7 7 7 7 7│7│7│7│5│5│5│5│5│5│5│5│5 5 5 5 5 5 0 1 0 0 0 0 
                      │ │ │ │ │ │ │ │ │ │ │ │                        
 0 0 0 0 0 0 0 6 6 6 6│6│6│6│6│6│6│6│6│6│6│6│6 6 6 6 0 1 0 0 0 0 0 0 
                      └─┤ │ │ │ │ │ │ │ ├─┴─┘                        
 0 0 0 0 0 0 0 0 0 5 5 5│5│5│7│7│7│7│7│7│7 7 7 7 0 1 0 0 0 0 0 0 0 0 
                        └─┼─┼─┼─┼─┼─┼─┼─┤                            
 0 0 0 0 0 0 0 0 0 0 0 4 4│4│8│8│8│8│8│8│8 8 0 1 0 0 0 0 0 0 0 0 0 0 
                          │ │ │ │ │ │ │ │                            
 0 0 0 0 0 0 0 0 0 0 0 0 0│3│9│9│9│9│9│9│0 1 0 0 0 0 0 0 0 0 0 0 0 0 
                          └─┤ │ │ │ ├─┴─┘                            
 0 0 0 0 0 0 0 0 0 0 0 0 0 0│:│:│:│:│0 1 0 0 0 0 0 0 0 0 0 0 0 0 0 0 
                            └─┴─┴─┴─┘                                
          ┌─┬─┬─┬─┬─┬─┬─┬─┬─┬─┬─┬─┬─┬─┬─┬─┬─┬─┬─┬─┬─┬─┬─┐            
 0 0 : : :│:│:│:│ė│ė│ė│ė│ė│ė│ė│ė│ė│ė│ė│ė│ė│ė│ė│ƍ│2│2│2│2│2 2 2 2 2 2 
          │ │ │ │ │ │ │ │ │ │ │ │ │ │ │ │ │ │ │ │ │ │ │ │            
 0 0 9 9 9│9│9│9│:│ƍ│ė│ė│ė│ė│ė│ė│ė│ė│ė│ė│ė│ƍ│ƍ│4│3│3│3│3│3 3 3 3 0 1 
          └─┤ │ │ │ │ │ │ │ │ │ │ │ │ │ │ │ │ │ │ │ ├─┴─┘            
 0 0 0 8 8 8│8│8│9│8│ƍ│ƍ│ė│ė│ė│ė│ė│ė│ė│ƍ│ƍ│ƍ│4│5│4│4│4 4 4 4 0 1 0 0 
            └─┼─┼─┼─┼─┼─┼─┼─┼─┼─┼─┼─┼─┼─┼─┼─┼─┼─┼─┼─┤                
 0 0 0 0 0 7 7│7│8│7│7│ƍ│ƍ│ƍ│ƍ│ƍ│ƍ│ƍ│ƍ│ƍ│ƍ│7│5│6│5│5│5 5 0 1 0 0 0 0 
              │ │ │ │ │ │ │ │ │ │ │ │ │ │ │ │ │ │ │ │                
 0 0 0 0 0 0 0│6│7│6│6│5│ƍ│ƍ│ƍ│ƍ│ƍ│ƍ│ƍ│ƍ│7│8│6│7│6│6│0 1 0 0 0 0 0 0 
              └─┤ │ │ │ │ │ │ │ │ │ │ │ │ │ │ │ ├─┴─┘                
 0 0 0 0 0 0 0 0│6│5│5│4│4│ƍ│ƍ│ƍ│ƍ│ƍ│ƍ│1│8│1│7│1│0 1 0 0 0 0 0 0 0 0 
                └─┴─┴─┴─┴─┴─┴─┴─┴─┴─┴─┴─┴─┴─┴─┴─┘                    
 0 0 0 0 0 0 0 0 0 0 0 0 0 0 0 0 0 0 0 0 0 0 0 0 0 0 0 0 0 0 0 0 0 0 
                                                                     
 0 0 0 0 0 0 0 0 0 0 0 0 0 0 0 0 0 0 0 0 0 0 0 0 0 0 0 0 0 0 0 0 0 0 
                                                                     
 0 0 0 0 0 0 0 0 0 0 0 0 0 0 0 0 0 0 0 0 0 0 0 0 0 0 0 0 0 0 0 0 0 0 
                                                                     
      ┌─┬─┬─┬─┬─┬─┬─┬─┬─┬─┬─┬─┬─┬─┬─┬─┬─┬─┬─┬─┬─┬─┬─┬─┬─┬─┬─┐        
 0 0 :│:│ė│ė│ė│ė│ė│ė│ė│ė│ė│ė│ė│ė│ė│ė│ė│ė│ė│ė│ė│ė│ė│ė│ė│ƍ│2│2│2 2 2 2 
      │ │ │ │ │ │ │ │ │ │ │ │ │ │ │ │ │ │ │ │ │ │ │ │ │ │ │ │        
 0 0 9│9│:│ƍ│ė│ė│ė│ė│ė│ė│ė│ė│ė│ė│ė│ė│ė│ė│ė│ė│ė│ė│ė│ƍ│ƍ│4│3│3│3 3 0 1 
      └─┤ │ │ │ │ │ │ │ │ │ │ │ │ │ │ │ │ │ │ │ │ │ │ │ ├─┴─┘        
 0 0 0 8│9│8│ƍ│ƍ│ƍ│ƍ│ƍ│ƍ│ƍ│ƍ│ƍ│ƍ│ƍ│ƍ│ƍ│ƍ│ƍ│ƍ│ƍ│ƍ│ƍ│ƍ│4│5│4 4 0 1 0 0 
        └─┴─┴─┴─┴─┴─┴─┴─┴─┴─┴─┴─┴─┴─┴─┴─┴─┴─┴─┴─┴─┴─┴─┴─┘            
 0 0 0 0 8 7 7 ƍ ƍ ƍ ƍ ƍ ƍ ƍ ƍ ƍ ƍ ƍ ƍ ƍ ƍ ƍ ƍ ƍ ƍ 1 5 1 0 1 0 0 0 0 
                                                                     
 0 0 0 0 0 0 0 0 0 0 0 0 0 0 0 0 0 0 0 0 0 0 0 0 0 0 0 0 0 0 0 0 0 0 
                                                                     
 0 0 0 0 0 0 0 0 0 0 0 0 0 0 0 0 0 0 0 0 0 0 0 0 0 0 0 0 0 0 0 0 0 0 
                                                                     
 0 0 0 0 0 0 0 0 0 0 0 0 0 0 0 0 0 0 0 0 0 0 0 0 0 0 0 0 0 0 0 0 0 0 
                                                                     
 0 0 0 0 0 0 0 0 0 0 0 0 0 0 0 0 0 0 0 0 0 0 0 0 0 0 0 0 0 0 0 0 0 0 
                                                                     
 0 0 0 0 0 0 0 0 0 0 0 0 0 0 0 0 0 0 0 0 0 0 0 0 0 0 0 0 0 0 0 0 0 0 
                                                                     
    ┌─┬─┬─┬─┬─┬─┬─┬─┬─┬─┬─┬─┬─┬─┬─┬─┬─┬─┬─┬─┬─┬─┬─┬─┬─┬─┬─┬─┬─┬─┐    
 0 0│ė│ė│ė│ė│ė│ė│ė│ė│ė│ė│ė│ė│ė│ė│ė│ė│ė│ė│ė│ė│ė│ė│ė│ė│ė│ė│ė│ƍ│2│2│2 2 
    │ │ │ │ │ │ │ │ │ │ │ │ │ │ │ │ │ │ │ │ │ │ │ │ │ │ │ │ │ │ │    
 0 0│:│ƍ│ƍ│ƍ│ƍ│ƍ│ƍ│ƍ│ƍ│ƍ│ƍ│ƍ│ƍ│ƍ│ƍ│ƍ│ƍ│ƍ│ƍ│ƍ│ƍ│ƍ│ƍ│ƍ│ƍ│ƍ│ƍ│4│3│3│0 1 
    │ │ │ │ │ │ │ │ │ │ │ │ │ │ │ │ │ │ │ │ │ │ │ │ │ │ │ │ ├─┴─┘    
 0 0│9│8│8│7│7│ƍ│ƍ│ƍ│ƍ│ƍ│ƍ│ƍ│ƍ│ƍ│ƍ│ƍ│ƍ│ƍ│ƍ│ƍ│ƍ│ƍ│ƍ│1│5│1│4│1│0 1 0 0 
    └─┴─┴─┴─┴─┴─┴─┴─┴─┴─┴─┴─┴─┴─┴─┴─┴─┴─┴─┴─┴─┴─┴─┴─┴─┴─┴─┴─┘        
 0 0 0 0 0 0 0 0 0 0 0 0 0 0 0 0 0 0 0 0 0 0 0 0 0 0 0 0 0 0 0 0 0 0 
                                                                     
 0 0 0 0 0 0 0 0 0 0 0 0 0 0 0 0 0 0 0 0 0 0 0 0 0 0 0 0 0 0 0 0 0 0 
                                                                     
 0 0 0 0 0 0 0 0 0 0 0 0 0 0 0 0 0 0 0 0 0 0 0 0 0 0 0 0 0 0 0 0 0 0 
                                                                     
 0 0 0 0 0 0 0 0 0 0 0 0 0 0 0 0 0 0 0 0 0 0 0 0 0 0 0 0 0 0 0 0 0 0 
                                                                     
 0 0 0 0 0 0 0 0 0 0 0 0 0 0 0 0 0 0 0 0 0 0 0 0 0 0 0 0 0 0 0 0 0 0 
                                                                     
 0 0 0 0 0 0 0 0 0 0 0 0 0 0 0 0 0 0 0 0 0 0 0 0 0 0 0 0 0 0 0 0 0 0 
                                                                     
                                                                     
 0 0 ė ė ė ė ė ė ė ė ė ė ė ė ė ė ė ė ė ė ė ė ė ė ė ė ė ė ė ė ė ƍ 2 2 
                                                                     
 0 0 ƍ ƍ ƍ ƍ ƍ ƍ ƍ ƍ ƍ ƍ ƍ ƍ ƍ ƍ ƍ ƍ ƍ ƍ ƍ ƍ ƍ ƍ ƍ ƍ ƍ ƍ ƍ ƍ ƍ 1 0 1 
                                                                     
 0 0 0 0 0 0 0 0 0 0 0 0 0 0 0 0 0 0 0 0 0 0 0 0 0 0 0 0 0 0 0 0 0 0 
                                                                     
 0 0 0 0 0 0 0 0 0 0 0 0 0 0 0 0 0 0 0 0 0 0 0 0 0 0 0 0 0 0 0 0 0 0 
                                                                     
 0 0 0 0 0 0 0 0 0 0 0 0 0 0 0 0 0 0 0 0 0 0 0 0 0 0 0 0 0 0 0 0 0 0 
                                                                     
 0 0 0 0 0 0 0 0 0 0 0 0 0 0 0 0 0 0 0 0 0 0 0 0 0 0 0 0 0 0 0 0 0 0 
                                                                     
 0 0 0 0 0 0 0 0 0 0 0 0 0 0 0 0 0 0 0 0 0 0 0 0 0 0 0 0 0 0 0 0 0 0 
                                                                     
 0 0 0 0 0 0 0 0 0 0 0 0 0 0 0 0 0 0 0 0 0 0 0 0 0 0 0 0 0 0 0 0 0 0 
                                                                     
 0 0 0 0 0 0 0 0 0 0 0 0 0 0 0 0 0 0 0 0 0 0 0 0 0 0 0 0 0 0 0 0 0 0 
                                                                     
