0
4
8
15
22
25
28
25
22
15
7
-1
-10
-18
-24
-28
-30
-28
-25
-18
-10
-1
7
15
21
25
28
25
22
15
7
-1
-10
-18
-24
-28
-30
-28
-25
-18
-10
-1
7
15
21
25
28
25
22
15
7
-1
-10
-18
-24
-28
-30
-28
-25
-18
-10
-1
7
15
21
25
28
25
22
15
7
-1
-10
-18
-24
-28
-30
-28
-25
-18
-10
-1
7
15
21
25
28
25
22
15
7
-1
-10
-18
-24
-28
-30
-28
-25
-18
-10
-1
7
15
21
25
28
25
22
15
7
-1
-10
-18
-24
-28
-30
-28
-25
-18
-10
-1
7
15
21
25
28
25
22
15
7
-1
-10
-18
-24
-28
-30
-28
-25
-18
-10
-1
7
15
21
25
28
25
22
15
7
-1
-10
-18
-24
-28
-30
-28
-25
-18
-10
-1
7
15
21
25
28
25
22
15
7
-1
-10
-18
-24
-28
-30
-28
-25
-18
-10
-1
7
15
21
25
28
25
22
15
7
-1
-10
-18
-24
-28
-30
-28
-25
-18
-10
