





0

65
141
254
373
425
462
424

373



262
140
-2


-146




-265
-378


-428
-467
-428
-377
-265
-144

-2





143

261


375
424
462


424


373

262

140
-2
-146
-265

-378

-428
-467
-428

-377
-265
-144

-2

143

261

375
424
463



425





374

262
140

-2
-146


-265

-378


-428




-467
-428
-377


-265







-144
-2
143
261
375
424
463





425
374

262



140
-2



-146
-265

-378
-428

-467
-428

-377

-265


-144
-2
143
261
375
424

462

424

373


262
140


-2

-146


-265





-378
-428
-467
