000000000000
000010000010
000100110101
001000110001
001100111110
001111000010
010000001110
001110111111
001101000011
001001010000
000100111100
000000000000
111010111100
110110101110
110010110111
110000111111
101111110011
110000111111
110010111011
110110101101
111011000010
111111111110
000101000010
001001010000
001101000111
001110111111
010000001011
001110111111
001101000011
001001010001
000100111100
000000000000
111010111100
110110101110
110010110111
110000111111
101111110011
110000111111
110010111011
110110101101
111011000010
111111111110
000101000010
001001010000
001101000111
001110111111
010000001011
001110111111
001101000011
001001010001
000100111100
000000000000
111010111100
110110101110
110010110111
110000111111
101111110011
110000111111
110010111011
110110101101
111011000010
111111111110
000101000010
001001010000
001101000111
001110111111
010000001011
001110111111
001101000011
001001010001
000100111100
000000000000
111010111100
110110101110
110010110111
110000111111
101111110011
110000111111
110010111011
110110101101
111011000010
111111111110
000101000010
001001010000
001101000111
001110111111
010000001011
001110111111
001101000011
001001010001
000100111100
000000000000
111010111100
110110101110
110010110111
110000111111
101111110011
110000111111
110010111011
110110101101
111011000010
111111111110
000101000010
001001010000
001101000111
001110111111
010000001011
001110111111
001101000011
001001010001
000100111100
000000000000
111010111100
110110101110
110010110111
110000111111
101111110011
110000111111
110010111011
110110101101
111011000010
111111111110
000101000010
001001010000
001101000111
001110111111
010000001011
001110111111
001101000011
001001010001
000100111100
000000000000
111010111100
110110101110
110010110111
110000111111
101111110011
110000111111
110010111011
110110101101
111011000010
111111111110
000101000010
001001010000
001101000111
001110111111
010000001011
001110111111
001101000011
001001010001
000100111100
000000000000
111010111100
110110101110
110010110111
110000111111
101111110011
110000111111
110010111011
110110101101
111011000010
111111111110
000101000010
001001010000
001101000111
001110111111
010000001011
001110111111
001101000011
001001010001
000100111100
000000000000
111010111100
110110101110
110010110111
110000111111
101111110011
110000111111
110010111011
110110101101
111011000010
111111111110
000101000010
001001010000
001101000111
001110111111
010000001011
001110111111
001101000011
001001010001
000100111100
000000000000
111010111100
110110101110
110010110111
110000111111
101111110011
110000111111
110010111011
110110101101
111011000010
