0
8
19
34
51
59
64
59
51
36
19
0
-20
-37
-52
-60
-65
-60
-52
-37
-20
-1
19
36
51
59
64
59
51
36
19
0
-20
-37
-52
-60
-65
-60
-52
-37
-20
-1
19
36
51
59
64
59
51
36
19
0
-20
-37
-52
-60
-65
-60
-52
-37
-20
-1
19
36
51
59
64
59
51
36
19
0
-20
-37
-52
-60
-65
-60
-52
-37
-20
-1
19
36
51
59
64
59
51
36
19
0
-20
-37
-52
-60
-65
-60
-52
-37
-20
-1
19
36
51
59
64
59
51
36
19
0
-20
-37
-52
-60
-65
-60
-52
-37
-20
-1
19
36
51
59
64
59
51
36
19
0
-20
-37
-52
-60
-65
-60
-52
-37
-20
-1
19
36
51
59
64
59
51
36
19
0
-20
-37
-52
-60
-65
-60
-52
-37
-20
-1
19
36
51
59
64
59
51
36
19
0
-20
-37
-52
-60
-65
-60
-52
-37
-20
-1
19
36
51
59
64
59
51
36
19
0
-20
-37
-52
-60
-65
-60
-52
-37
-20
