0
130
309
561
830
961
1037
959
834
592
315
-1
-325
-594
-842
-961
-1037
-961
-837
-595
-319
-2
322
591
839
958
1034
958
835
592
315
-1
-325
-594
-842
-961
-1037
-961
-837
-595
-319
-2
322
591
839
958
1034
958
835
592
315
-1
-325
-594
-842
-961
-1037
-961
-837
-595
-319
-2
322
591
839
958
1034
958
835
592
315
-1
-325
-594
-842
-961
-1037
-961
-837
-595
-319
-2
322
591
839
958
1034
958
835
592
315
-1
-325
-594
-842
-961
-1037
-961
-837
-595
-319
-2
322
591
839
958
1034
958
835
592
315
-1
-325
-594
-842
-961
-1037
-961
-837
-595
-319
-2
322
591
839
958
1034
958
835
592
315
-1
-325
-594
-842
-961
-1037
-961
-837
-595
-319
-2
322
591
839
958
1034
958
835
592
315
-1
-325
-594
-842
-961
-1037
-961
-837
-595
-319
-2
322
591
839
958
1034
958
835
592
315
-1
-325
-594
-842
-961
-1037
-961
-837
-595
-319
-2
322
591
839
958
1034
958
835
592
315
-1
-325
-594
-842
-961
-1037
-961
-837
-595
-319
