0
39
0
103
0
127
-1
103
-1
39
-1
-40
-1
-104
-1
-128
0
-104
0
-40
0
39
0
103
0
127
-1
103
-1
39
-1
-40
-1
-104
-1
-128
0
-104
0
-40
0
39
0
103
0
127
-1
103
-1
39
-1
-40
-1
-104
-1
-128
0
-104
0
-40
0
39
0
103
0
127
-1
103
-1
39
-1
-40
-1
-104
-1
-128
0
-104
0
-40
0
39
0
103
0
127
-1
103
-1
39
-1
-40
-1
-104
-1
-128
0
-104
0
-40
0
39
0
103
0
127
-1
103
-1
39
-1
-40
-1
-104
-1
-128
0
-104
0
-40
0
39
0
103
0
127
-1
103
-1
39
-1
-40
-1
-104
-1
-128
0
-104
0
-40
0
39
0
103
0
127
-1
103
-1
39
-1
-40
-1
-104
-1
-128
0
-104
0
-40
0
39
0
103
0
127
-1
103
-1
39
-1
-40
-1
-104
-1
-128
0
-104
0
-40
0
39
0
103
0
127
-1
103
-1
39
-1
-40
-1
-104
-1
-128
0
-104
0
-40
-1
