0
8
19
35
52
60
64
59
51
36
19
-1
-21
-38
-54
-61
-66
-61
-53
-38
-21
-1
19
37
52
59
63
58
51
36
19
-1
-21
-38
-54
-61
-66
-61
-53
-38
-21
-1
19
37
52
59
63
58
51
36
19
-1
-21
-38
-54
-61
-66
-61
-53
-38
-21
-1
19
37
52
59
63
58
51
36
19
-1
-21
-38
-54
-61
-66
-61
-53
-38
-21
-1
19
37
52
59
63
58
51
36
19
-1
-21
-38
-54
-61
-66
-61
-53
-38
-21
-1
19
37
52
59
63
58
51
36
19
-1
-21
-38
-54
-61
-66
-61
-53
-38
-21
-1
19
37
52
59
63
58
51
36
19
-1
-21
-38
-54
-61
-66
-61
-53
-38
-21
-1
19
37
52
59
63
58
51
36
19
-1
-21
-38
-54
-61
-66
-61
-53
-38
-21
-1
19
37
52
59
63
58
51
36
19
-1
-21
-38
-54
-61
-66
-61
-53
-38
-21
-1
19
37
52
59
63
58
51
36
19
-1
-21
-38
-54
-61
-66
-61
-53
-38
-21
