0
130
309
561
831
962
1038
960
836
593
317
0
-324
-593
-841
-960
-1037
-961
-837
-595
-318
-1
323
592
840
959
1036
960
836
594
317
0
-324
-593
-841
-960
-1037
-961
-837
-595
-318
-1
323
592
840
959
1036
960
836
594
317
0
-324
-593
-841
-960
-1037
-961
-837
-595
-318
-1
323
592
840
959
1036
960
836
594
317
0
-324
-593
-841
-960
-1037
-961
-837
-595
-318
-1
323
592
840
959
1036
960
836
594
317
0
-324
-593
-841
-960
-1037
-961
-837
-595
-318
-1
323
592
840
959
1036
960
836
594
317
0
-324
-593
-841
-960
-1037
-961
-837
-595
-318
-1
323
592
840
959
1036
960
836
594
317
0
-324
-593
-841
-960
-1037
-961
-837
-595
-318
-1
323
592
840
959
1036
960
836
594
317
0
-324
-593
-841
-960
-1037
-961
-837
-595
-318
-1
323
592
840
959
1036
960
836
594
317
0
-324
-593
-841
-960
-1037
-961
-837
-595
-318
-1
323
592
840
959
1036
960
836
594
317
0
-324
-593
-841
-960
-1037
-961
-837
-595
-318
